20180101000000 100 1667615437.186934
20180101010000 100 1573860675.504423
20180101020000 100 1468528235.554252
20180101030000 100 1337268306.765430
20180101040000 100 1476725707.087599
20180101050000 100 1938666483.569217
20180101060000 100 2288955273.844819
20180101070000 100 2584343499.308876
20180101080000 100 2777559712.218132
20180101090000 100 2246267784.498860
20180101100000 100 1886554506.918095
20180101110000 100 2193746606.206450
20180101120000 100 2537122154.869785
20180101130000 100 2790245876.972296
20180101140000 100 3944650445.470849
20180101150000 100 4010368899.913994
20180101160000 100 3239916582.428273
20180101170000 100 2588321411.250774
20180101180000 100 2219458540.669907
20180101190000 100 2346342122.650861
20180101200000 100 2268870434.939412
20180101210000 100 2133767085.310717
20180101220000 100 2043603828.991028
20180101230000 100 2149354831.201638
20180102000000 100 2036689651.940290
20180102010000 100 1789802774.352038
20180102020000 100 1545657187.016972
20180102030000 100 1288631610.799550
20180102040000 100 1360935492.532193
20180102050000 100 1756023790.175543
20180102060000 100 2050003474.990514
20180102070000 100 2268817025.554637
20180102080000 100 2316388202.950632
20180102090000 100 1733908689.887538
20180102100000 100 1425796351.537121
20180102110000 100 1690458129.871493
20180102120000 100 1889269784.014517
20180102130000 100 1877361207.064368
20180102140000 100 2606503422.902922
20180102150000 100 2793840664.806415
20180102160000 100 2383369147.670881
20180102170000 100 1969468740.893404
20180102180000 100 1777772004.787472
20180102190000 100 1990827051.518057
20180102200000 100 1942515800.503637
20180102210000 100 1813278459.215153
20180102220000 100 1725539835.291770
20180102230000 100 1800177660.951144

20180101000000 110 2391891340.751535
20180101010000 110 2244655962.783277
20180101020000 110 2084752616.892022
20180101030000 110 1904056281.147779
20180101040000 110 2129582748.317637
20180101050000 110 2798125743.411528
20180101060000 110 3324194004.786681
20180101070000 110 3788768359.878158
20180101080000 110 4017040161.188874
20180101090000 110 3218005409.471460
20180101100000 110 2712663377.797054
20180101110000 110 3147536332.344995
20180101120000 110 3619303015.173784
20180101130000 110 3966286918.125575
20180101140000 110 5489708748.986625
20180101150000 110 5539508395.013873
20180101160000 110 4493239266.777750
20180101170000 110 3625868460.822363
20180101180000 110 3142354987.230399
20180101190000 110 3335169129.369423
20180101200000 110 3216445806.041501
20180101210000 110 3008213074.392388
20180101220000 110 2872451197.257552
20180101230000 110 3028326909.393541
20180102000000 110 2879512415.407319
20180102010000 110 2530349751.857225
20180102020000 110 2186844194.175386
20180102030000 110 1839108279.775458
20180102040000 110 1973033214.792884
20180102050000 110 2551451983.308610
20180102060000 110 3000242911.404990
20180102070000 110 3356262637.091055
20180102080000 110 3392213407.205417
20180102090000 110 2530094045.367575
20180102100000 110 2094284130.713452
20180102110000 110 2475263220.259178
20180102120000 110 2755728239.530529
20180102130000 110 2746024045.709864
20180102140000 110 3734585270.798285
20180102150000 110 3954532684.244643
20180102160000 110 3374586157.753882
20180102170000 110 2812817884.968808
20180102180000 110 2559594323.525083
20180102190000 110 2868340771.236553
20180102200000 110 2790263135.368300
20180102210000 110 2591894808.833557
20180102220000 110 2460865351.555143
20180102230000 110 2575591969.200361

20180101000000 120 3309859752.179850
20180101010000 120 3045873649.297917
20180101020000 120 2786218295.244587
20180101030000 120 2561038562.185977
20180101040000 120 2955619196.341793
20180101050000 120 3920300665.442581
20180101060000 120 4685110501.984616
20180101070000 120 5366416824.551554
20180101080000 120 5539123142.476577
20180101090000 120 4394769084.054670
20180101100000 120 3763542857.228169
20180101110000 120 4389485186.228902
20180101120000 120 5019939417.497099
20180101130000 120 5476502287.985825
20180101140000 120 7321496423.934241
20180101150000 120 7285703983.719534
20180101160000 120 5948491784.195989
20180101170000 120 4885735685.250021
20180101180000 120 4305886444.006393
20180101190000 120 4596992023.987271
20180101200000 120 4413766996.317568
20180101210000 120 4104623486.693225
20180101220000 120 3917960702.121703
20180101230000 120 4142916833.911017
20180102000000 120 3927690207.548754
20180102010000 120 3405863016.012207
20180102020000 120 2914394745.498858
20180102030000 120 2479145369.659184
20180102040000 120 2752762766.277104
20180102050000 120 3596902634.162189
20180102060000 120 4259087586.374541
20180102070000 120 4794019808.067549
20180102080000 120 4729162442.790692
20180102090000 120 3512215420.495614
20180102100000 120 2965545483.938725
20180102110000 120 3518695639.646363
20180102120000 120 3903038181.649004
20180102130000 120 3897283041.035439
20180102140000 120 5121864285.136092
20180102150000 120 5320338598.095338
20180102160000 120 4556005970.359622
20180102170000 120 3862959182.722240
20180102180000 120 3567133209.527987
20180102190000 120 4007640924.563694
20180102200000 120 3879432455.030114
20180102210000 120 3585441148.234511
20180102220000 120 3405937152.102049
20180102230000 120 3578500506.745397

20180101000000 130 4555761068.309283
20180101010000 130 4092118565.699298
20180101020000 130 3672099163.265679
20180101030000 130 3403082794.979413
20180101040000 130 4082004368.977026
20180101050000 130 5477668069.604643
20180101060000 130 6585265625.305972
20180101070000 130 7572595907.265638
20180101080000 130 7572648778.806060
20180101090000 130 5948343505.462828
20180101100000 130 5194939335.584639
20180101110000 130 6100062278.697861
20180101120000 130 6937809662.467846
20180101130000 130 7536014532.514007
20180101140000 130 9686175025.401917
20180101150000 130 9484668135.827888
20180101160000 130 7804714067.893502
20180101170000 130 6543579029.915819
20180101180000 130 5877515611.116680
20180101190000 130 6312756979.084493
20180101200000 130 6028910691.543253
20180101210000 130 5572199506.937449
20180101220000 130 5318412793.447093
20180101230000 130 5642677832.232812
20180102000000 130 5326384659.346522
20180102010000 130 4538616918.209163
20180102020000 130 3830551191.887563
20180102030000 130 3301697806.000447
20180102040000 130 3822563543.799510
20180102050000 130 5057563062.965922
20180102060000 130 6030409091.434731
20180102070000 130 6822930296.868780
20180102080000 130 6535960415.879704
20180102090000 130 4831646735.792609
20180102100000 130 4179643921.436620
20180102110000 130 4986055601.438449
20180102120000 130 5510275558.161320
20180102130000 130 5515869478.386531
20180102140000 130 6972341458.896870
20180102150000 130 7086556641.087748
20180102160000 130 6098183240.056325
20180102170000 130 5276104166.724203
20180102180000 130 4955166931.895967
20180102190000 130 5581345705.638125
20180102200000 130 5371065907.259863
20180102210000 130 4936703091.771665
20180102220000 130 4693634532.342533
20180102230000 130 4952520853.267373

20180101000000 140 6258900453.644251
20180101010000 140 5505600512.826120
20180101020000 140 4855536635.234615
20180101030000 140 4534004017.561292
20180101040000 140 5633387622.413083
20180101050000 140 7629875474.934513
20180101060000 140 9227001349.979412
20180101070000 140 10664826187.290869
20180101080000 140 10363565141.158918
20180101090000 140 8059768341.752980
20180101100000 140 7157624504.286755
20180101110000 140 8441226486.201635
20180101120000 140 9546966382.680468
20180101130000 140 10332693110.970419
20180101140000 140 12814205079.035143
20180101150000 140 12363762504.054672
20180101160000 140 10249483771.535131
20180101170000 140 8758557625.739542
20180101180000 140 8005811957.655204
20180101190000 140 8643161183.495159
20180101200000 140 8212765296.578899
20180101210000 140 7542745943.255249
20180101220000 140 7190767456.026606
20180101230000 140 7654394152.797297
20180102000000 140 7209467004.118801
20180102010000 140 6055865537.922115
20180102020000 140 5050737159.200700
20180102030000 140 4408942735.803281
20180102040000 140 5304167902.744891
20180102050000 140 7090273860.446362
20180102060000 140 8512913742.210275
20180102070000 140 9692916884.383316
20180102080000 140 9045321249.101477
20180102090000 140 6656667418.635595
20180102100000 140 5881458614.696789
20180102110000 140 7038120513.680938
20180102120000 140 7749192952.524211
20180102130000 140 7781362605.450575
20180102140000 140 9493705735.593798
20180102150000 140 9454773896.087555
20180102160000 140 8171460960.771337
20180102170000 140 7202214679.271781
20180102180000 140 6868563258.550983
20180102190000 140 7749875415.564321
20180102200000 140 7416240995.969303
20180102210000 140 6777923994.250732
20180102220000 140 6442529069.816014
20180102230000 140 6826450830.591738

20180101000000 150 8588000926.381812
20180101010000 150 7456006330.714435
20180101020000 150 6498243446.305688
20180101030000 150 6102322769.857361
20180101040000 150 7778754979.296587
20180101050000 150 10581757603.786879
20180101060000 150 12871797114.059387
20180101070000 150 14988878307.749977
20180101080000 150 14257533587.150972
20180101090000 150 10980779621.151928
20180101100000 150 9849358747.251213
20180101110000 150 11612431008.750841
20180101120000 150 13059470399.251091
20180101130000 150 14099235208.511045
20180101140000 150 17007442533.508083
20180101150000 150 16227543622.769716
20180101160000 150 13534288232.856781
20180101170000 150 11739661052.584698
20180101180000 150 10881450673.213783
20180101190000 150 11790649010.808813
20180101200000 150 11155492374.188805
20180101210000 150 10179943411.579159
20180101220000 150 9675003499.127161
20180101230000 150 10330420455.676701
20180102000000 150 9748058060.766172
20180102010000 150 8131792156.764968
20180102020000 150 6738934919.354880
20180102030000 150 5947574509.214314
20180102040000 150 7363662071.893449
20180102050000 150 9898753185.151810
20180102060000 150 11966907903.305681
20180102070000 150 13744211958.397749
20180102080000 150 12590947231.114157
20180102090000 150 9228267516.928661
20180102100000 150 8267187147.408769
20180102110000 150 9880899561.598486
20180102120000 150 10838579189.542728
20180102130000 150 10927312133.932045
20180102140000 150 12970354616.774248
20180102150000 150 12706041302.496878
20180102160000 150 11011467808.022024
20180102170000 150 9843269368.157227
20180102180000 150 9497139899.993134
20180102190000 150 10719105661.887918
20180102200000 150 10209011078.892248
20180102210000 150 9276878837.230843
20180102220000 150 8798040086.330301
20180102230000 150 9358962710.725540

20180101000000 160 11749185890.148685
20180101010000 160 10158093241.755520
20180101020000 160 8808145551.662968
20180101030000 160 8301974879.513681
20180101040000 160 10736983207.052912
20180101050000 160 14587809561.765085
20180101060000 160 17846636646.794506
20180101070000 160 20990947169.067982
20180101080000 160 19705081134.726025
20180101090000 160 15033856697.804708
20180101100000 160 13514173170.186840
20180101110000 160 15846366251.484377
20180101120000 160 17719628986.702835
20180101130000 160 19110586643.073631
20180101140000 160 22626004171.174061
20180101150000 160 21444522910.439827
20180101160000 160 17967657742.931297
20180101170000 160 15743907384.760950
20180101180000 160 14738705425.115364
20180101190000 160 15998333268.016306
20180101200000 160 15082159949.114042
20180101210000 160 13672337430.659330
20180101220000 160 12925446745.817663
20180101230000 160 13840895299.173201
20180102000000 160 13144644236.838684
20180102010000 160 10982487424.766743
20180102020000 160 9104411371.608860
20180102030000 160 8110137625.784933
20180102040000 160 10218225173.331127
20180102050000 160 13739794160.008080
20180102060000 160 16723128334.417120
20180102070000 160 19423308708.853901
20180102080000 160 17619039247.412395
20180102090000 160 12867244204.993977
20180102100000 160 11589515656.741865
20180102110000 160 13766553281.874199
20180102120000 160 15044545289.702473
20180102130000 160 15247067619.753836
20180102140000 160 17764550677.763596
20180102150000 160 17200078401.814171
20180102160000 160 14920534219.916195
20180102170000 160 13457287904.606457
20180102180000 160 13081347835.709509
20180102190000 160 14742931821.869938
20180102200000 160 13985479064.127787
20180102210000 160 12633110666.405245
20180102220000 160 11926639277.156357
20180102230000 160 12734023110.777987

20180101000000 170 15973366502.116728
20180101010000 170 13864738190.169706
20180101020000 170 12037568313.243162
20180101030000 170 11374281322.145079
20180101040000 170 14777737156.231230
20180101050000 170 19944766189.815689
20180101060000 170 24534981983.154488
20180101070000 170 29213836268.490307
20180101080000 170 27258130097.571064
20180101090000 170 20605912507.689690
20180101100000 170 18429921963.838051
20180101110000 170 21386935624.886913
20180101120000 170 23779131676.757824
20180101130000 170 25664047569.745956
20180101140000 170 30065436105.391079
20180101150000 170 28432822552.474339
20180101160000 170 23906596275.792259
20180101170000 170 21068296389.859833
20180101180000 170 19847856281.474251
20180101190000 170 21535750446.135174
20180101200000 170 20235283178.651718
20180101210000 170 18213979471.990898
20180101220000 170 17089199395.485954
20180101230000 170 18352158478.553600
20180102000000 170 17616289577.094910
20180102010000 170 14856201601.146778
20180102020000 170 12398962076.130955
20180102030000 170 11137699484.432774
20180102040000 170 14138673125.454443
20180102050000 170 18918521559.570915
20180102060000 170 23177487662.896950
20180102070000 170 27284971692.536583
20180102080000 170 24693444189.532070
20180102090000 170 17976891873.489239
20180102100000 170 16152666185.619932
20180102110000 170 18977731094.178646
20180102120000 170 20663118053.040356
20180102130000 170 21085125902.996208
20180102140000 170 24308635677.492340
20180102150000 170 23373141236.002842
20180102160000 170 20267526479.500832
20180102170000 170 18356824516.354172
20180102180000 170 17909794956.058567
20180102190000 170 20113169886.739697
20180102200000 170 19009862797.306793
20180102210000 170 17061617199.626915
20180102220000 170 15996683307.731768
20180102230000 170 17142131016.238440

20180101000000 180 21484105499.870132
20180101010000 180 18846003432.019238
20180101020000 180 16472410438.669462
20180101030000 180 15604678159.793819
20180101040000 180 20211241689.248028
20180101050000 180 26962399987.232796
20180101060000 180 33338742386.955288
20180101070000 180 40258646383.547409
20180101080000 180 37539906109.361603
20180101090000 180 28122802790.621613
20180101100000 180 24873721596.757061
20180101110000 180 28438847844.439991
20180101120000 180 31442602005.328289
20180101130000 180 34031509536.003506
20180101140000 180 39711524896.679932
20180101150000 180 37632246118.870720
20180101160000 180 31737412089.675884
20180101170000 180 28028413481.191906
20180101180000 180 26491396629.399433
20180101190000 180 28662521248.198151
20180101200000 180 26835603457.955074
20180101210000 180 23965482118.127125
20180101220000 180 22265970479.169464
20180101230000 180 23984959333.996990
20180102000000 180 23358934060.127316
20180102010000 180 20009499464.067806
20180102020000 180 16905074497.296188
20180102030000 180 15317552144.756672
20180102040000 180 19441429373.037525
20180102050000 180 25762533059.344959
20180102060000 180 31757630572.390293
20180102070000 180 37961535234.362267
20180102080000 180 34476703327.957199
20180102090000 180 25028547732.496700
20180102100000 180 22285590730.470772
20180102110000 180 25781911601.718010
20180102120000 180 27971436228.934704
20180102130000 180 28800545890.531197
20180102140000 180 33074777525.438053
20180102150000 180 31723035788.630543
20180102160000 180 27477824216.044090
20180102170000 180 24894545667.726898
20180102180000 180 24300723766.617027
20180102190000 180 27126592362.718044
20180102200000 180 25537516991.160091
20180102210000 180 22755331107.970444
20180102220000 180 21138534443.182362
20180102230000 180 22739126622.950638

20180101000000 190 28432412745.106258
20180101010000 190 25337544809.136391
20180101020000 190 22395214581.453041
20180101030000 190 21300856788.195477
20180101040000 190 27353579746.673290
20180101050000 190 35896996599.279289
20180101060000 190 44589869607.250633
20180101070000 190 54679054055.886642
20180101080000 190 51153035197.615921
20180101090000 190 37980531999.097374
20180101100000 190 33048915887.957600
20180101110000 190 37076772302.134369
20180101120000 190 40772138652.889099
20180101130000 190 44369832137.379295
20180101140000 190 51851732236.471489
20180101150000 190 49440740716.797791
20180101160000 190 41828700894.063812
20180101170000 190 36909933827.771477
20180101180000 190 34911651707.366997
20180101190000 190 37556787216.704529
20180101200000 190 35008996846.830811
20180101210000 190 30986442055.005066
20180101220000 190 28444095498.748333
20180101230000 190 30746118637.916092
20180102000000 190 30481337868.678654
20180102010000 190 26653484112.094666
20180102020000 190 22898141347.023411
20180102030000 190 20962727559.506989
20180102040000 190 26456482840.495964
20180102050000 190 34558300163.755928
20180102060000 190 42838190503.495544
20180102070000 190 52064652202.524147
20180102080000 190 47650000759.816414
20180102090000 190 34503677539.656883
20180102100000 190 30273016852.797527
20180102110000 190 34337833062.868874
20180102120000 190 37129507570.017593
20180102130000 190 38681638808.289291
20180102140000 190 44496798277.473999
20180102150000 190 42757969202.860001
20180102160000 190 36995592262.265556
20180102170000 190 33420775583.423176
20180102180000 190 32553215532.658783
20180102190000 190 36013412140.372375
20180102200000 190 33740175744.450512
20180102210000 190 29814802547.315498
20180102220000 190 27376226585.883636
20180102230000 190 29573339278.298454

20180101000000 200 36788269463.759636
20180101010000 200 33440495068.864250
20180101020000 200 30001153904.836376
20180101030000 200 28733822906.532284
20180101040000 200 36449412782.987152
20180101050000 200 46831897721.070168
20180101060000 200 58389973056.486000
20180101070000 200 72768562583.301376
20180101080000 200 68481252830.724312
20180101090000 200 50404727649.058472
20180101100000 200 42959595979.869370
20180101110000 200 47111930956.549232
20180101120000 200 51550331628.073898
20180101130000 200 56581761627.321228
20180101140000 200 66526121506.266647
20180101150000 200 64092985296.867256
20180101160000 200 54437407692.050812
20180101170000 200 47878084487.833832
20180101180000 200 45216993000.863052
20180101190000 200 48198682694.450798
20180101200000 200 44672869517.603249
20180101210000 200 39137407383.918549
20180101220000 200 35416861542.449577
20180101230000 200 38436451571.284309
20180102000000 200 38902562212.189125
20180102010000 200 34854738723.400101
20180102020000 200 30562587797.630322
20180102030000 200 28354628657.701168
20180102040000 200 35452342144.591995
20180102050000 200 45431577029.704712
20180102060000 200 56579064737.459602
20180102070000 200 69974113722.742645
20180102080000 200 64719903654.152084
20180102090000 200 46756015182.439552
20180102100000 200 40221760838.503349
20180102110000 200 44542856252.403877
20180102120000 200 48021912814.476372
20180102130000 200 50791525638.248497
20180102140000 200 58814496829.232300
20180102150000 200 56879353116.931999
20180102160000 200 49194619864.071854
20180102170000 200 44193560347.098549
20180102180000 200 42850956690.033218
20180102190000 200 46812857281.395943
20180102200000 200 43582497887.492958
20180102210000 200 38139538152.424568
20180102220000 200 34531840116.039886
20180102230000 200 37480324497.415703

20180101000000 210 46197504415.216850
20180101010000 210 42966741247.107346
20180101020000 210 39250619494.786545
20180101030000 210 38021759555.709702
20180101040000 210 47535663653.264587
20180101050000 210 59503383653.413300
20180101060000 210 74375922196.357620
20180101070000 210 94220136085.510254
20180101080000 210 89353457066.784225
20180101090000 210 65222055883.460640
20180101100000 210 54238470877.483391
20180101110000 210 57943222490.123985
20180101120000 210 63131138927.091972
20180101130000 210 70143674509.040176
20180101140000 210 83321617919.146225
20180101150000 210 81469260799.886581
20180101160000 210 69554451428.675537
20180101170000 210 60837218637.893982
20180101180000 210 57242789548.353065
20180101190000 210 60216621430.209450
20180101200000 210 55395765432.658195
20180101210000 210 47969963721.259682
20180101220000 210 42703548908.073502
20180101230000 210 46558996388.404297
20180102000000 210 48226188325.310898
20180102010000 210 44388938524.329384
20180102020000 210 39847108858.158363
20180102030000 210 37627759248.337555
20180102040000 210 46499257794.552956
20180102050000 210 58165752456.925056
20180102060000 210 72678291080.025696
20180102070000 210 91482485430.398132
20180102080000 210 85664834790.102127
20180102090000 210 61761536360.988472
20180102100000 210 51856212634.019753
20180102110000 210 55841349047.616577
20180102120000 210 60061038258.786499
20180102130000 210 64745407338.825462
20180102140000 210 75824554509.832336
20180102150000 210 74171248351.830765
20180102160000 210 64214118620.300560
20180102170000 210 57225125108.485519
20180102180000 210 55107825733.600388
20180102190000 210 59198329157.387871
20180102200000 210 54659802342.457352
20180102210000 210 47297151954.120056
20180102220000 210 42126593733.996284
20180102230000 210 45968213815.618889

20180101000000 220 55854392588.996674
20180101010000 220 53261906880.507187
20180101020000 220 49671095163.823227
20180101030000 220 48949594537.893929
20180101040000 220 60249223472.660889
20180101050000 220 73109961463.198547
20180101060000 220 91465997686.537308
20180101070000 220 117714376381.423569
20180101080000 220 112609217111.993500
20180101090000 220 81576812309.057297
20180101100000 220 65981568907.573601
20180101110000 220 68469109241.333176
20180101120000 220 74356242043.861740
20180101130000 220 83963227932.823135
20180101140000 220 101161368051.792587
20180101150000 220 100855611681.512695
20180101160000 220 86698821391.568237
20180101170000 220 75256370424.498199
20180101180000 220 70389826379.390808
20180101190000 220 72742750464.827240
20180101200000 220 66283416389.672714
20180101210000 220 56657286683.832054
20180101220000 220 49526369118.732796
20180101230000 220 54281635898.134514
20180102000000 220 57641295518.220581
20180102010000 220 54582222005.890678
20180102020000 220 50273005909.328102
20180102030000 220 48587540851.935638
20180102040000 220 59270135618.311951
20180102050000 220 71992271116.776382
20180102060000 220 90089118765.314636
20180102070000 220 115340648495.377426
20180102080000 220 109441155840.658463
20180102090000 220 78771613439.738693
20180102100000 220 64291517769.053162
20180102110000 220 67078800097.936066
20180102120000 220 72038619931.411728
20180102130000 220 79479610522.622177
20180102140000 220 94574834212.904175
20180102150000 220 94098582719.659485
20180102160000 220 81714738046.843872
20180102170000 220 72071386849.089218
20180102180000 220 68772120164.781448
20180102190000 220 72298052265.145920
20180102200000 220 66052805887.011238
20180102210000 220 56427267848.361343
20180102220000 220 49337071265.024117
20180102230000 220 54155216612.875542

20180101000000 230 64493176543.139946
20180101010000 230 63106136351.068497
20180101020000 230 60188730950.317131
20180101030000 230 60761770873.999100
20180101040000 230 73632315697.404007
20180101050000 230 86208462527.584473
20180101060000 230 107733261584.592636
20180101070000 230 140641717049.449005
20180101080000 230 135758244251.960953
20180101090000 230 97725203695.919800
20180101100000 230 76709416444.916916
20180101110000 230 77176809039.092926
20180101120000 230 83651826893.863922
20180101130000 230 96383463055.159958
20180101140000 230 118210509874.133469
20180101150000 230 120739979317.540817
20180101160000 230 104717850953.442673
20180101170000 230 90022407962.881348
20180101180000 230 83509539035.683426
20180101190000 230 84375112326.776489
20180101200000 230 75988732286.995651
20180101210000 230 64046570377.406479
20180101220000 230 54906182878.588867
20180101230000 230 60525420206.943016
20180102000000 230 65940181144.959152
20180102010000 230 64235433878.185516
20180102020000 230 60774588211.886940
20180102030000 230 60496286720.237267
20180102040000 230 72829882526.304276
20180102050000 230 85458929697.040009
20180102060000 230 106853946044.456406
20180102070000 230 138914060631.396118
20180102080000 230 133541522358.778580
20180102090000 230 96005252011.263596
20180102100000 230 75926720180.482819
20180102110000 230 76556301554.654160
20180102120000 230 82181958920.300262
20180102130000 230 93164121972.259521
20180102140000 230 113142165855.320374
20180102150000 230 115194365273.514389
20180102160000 230 100605505198.024460
20180102170000 230 87625829370.853378
20180102180000 230 82663143195.069290
20180102190000 230 84622324506.702515
20180102200000 230 76313523528.635376
20180102210000 230 64278642691.935577
20180102220000 230 55086571351.916473
20180102230000 230 60850001025.363625

20180101000000 240 70612324096.541779
20180101010000 240 70846948447.164017
20180101020000 240 69153555828.438705
20180101030000 240 72045615488.835999
20180101040000 240 86064291045.492722
20180101050000 240 96850090928.256119
20180101060000 240 120618041476.979309
20180101070000 240 159307306174.694183
20180101080000 240 155099156794.697784
20180101090000 240 111142008019.086243
20180101100000 240 84600117887.075272
20180101110000 240 82490946899.403168
20180101120000 240 89383975414.849594
20180101130000 240 105454493782.858414
20180101140000 240 132062997330.473572
20180101150000 240 138803381326.551697
20180101160000 240 121717870624.477585
20180101170000 240 103435287702.955551
20180101180000 240 94950529340.447678
20180101190000 240 93364869154.243546
20180101200000 240 82944426010.696579
20180101210000 240 68896630556.538025
20180101220000 240 57902409790.770874
20180101230000 240 64216032139.730469
20180102000000 240 71740246274.957382
20180102010000 240 71767374398.456696
20180102020000 240 69728559479.095703
20180102030000 240 71944306984.249619
20180102040000 240 85545186462.259415
20180102050000 240 96544881859.765121
20180102060000 240 120293446771.458954
20180102070000 240 158339050141.746429
20180102080000 240 154027036674.958160
20180102090000 240 110674155880.402481
20180102100000 240 84664924161.550735
20180102110000 240 82422709249.032944
20180102120000 240 88553426690.953644
20180102130000 240 103462106145.910843
20180102140000 240 128739403360.080490
20180102150000 240 134935540608.819122
20180102160000 240 118886008329.323792
20180102170000 240 102056193181.706863
20180102180000 240 94980525011.279617
20180102190000 240 94246711042.848495
20180102200000 240 83709998385.220856
20180102210000 240 69466831711.139984
20180102220000 240 58314088515.953522
20180102230000 240 64833871470.877434

20180101000000 250 72940682461.831253
20180101010000 250 74857933614.473831
20180101020000 250 74720830560.965820
20180101030000 250 80887029621.321106
20180101040000 250 95488084659.480209
20180101050000 250 103054453845.190643
20180101060000 250 127599683275.462051
20180101070000 250 169882621140.321747
20180101080000 250 166625073793.505157
20180101090000 250 119134761390.426193
20180101100000 250 88031846900.042831
20180101110000 250 83448071320.818817
20180101120000 250 90515647656.573425
20180101130000 250 109480639469.849487
20180101140000 250 140301942557.626495
20180101150000 250 152277179554.712616
20180101160000 250 135282732181.983521
20180101170000 250 113467722700.977066
20180101180000 250 102867388639.691879
20180101190000 250 98070160499.637955
20180101200000 250 85817798568.408234
20180101210000 250 70282209517.688263
20180101220000 250 58105649845.540504
20180101230000 250 64755836201.155327
20180102000000 250 73900742367.072464
20180102010000 250 75648901452.768036
20180102020000 250 75325054491.360672
20180102030000 250 80993597177.746231
20180102040000 250 95297437132.057205
20180102050000 250 103145641438.171890
20180102060000 250 127707695597.480316
20180102070000 250 169510841357.277344
20180102080000 250 166470632070.243835
20180102090000 250 119643710091.764038
20180102100000 250 88558336329.779144
20180102110000 250 83482922951.950073
20180102120000 250 89845208480.951691
20180102130000 250 108217836278.452332
20180102140000 250 138360036755.808289
20180102150000 250 150076549770.276459
20180102160000 250 133823590564.556305
20180102170000 250 113058513254.980392
20180102180000 250 103630908081.846054
20180102190000 250 99321803492.565216
20180102200000 250 86746279133.794495
20180102210000 250 70941874320.106262
20180102220000 250 58528212391.042747
20180102230000 250 65406938136.527603

20180101000000 260 72049380536.554184
20180101010000 260 74790995616.943268
20180101020000 260 75737427321.891220
20180101030000 260 85408512132.398315
20180101040000 260 99996594563.551773
20180101050000 260 103852049732.157990
20180101060000 260 127876827184.729767
20180101070000 260 170710539132.319519
20180101080000 260 168139199561.026398
20180101090000 260 120223742743.743149
20180101100000 260 87306907644.854645
20180101110000 260 81781475638.079147
20180101120000 260 88770998026.736801
20180101130000 260 108673137108.289581
20180101140000 260 141551041460.134338
20180101150000 260 158691569758.538269
20180101160000 260 143052717082.194580
20180101170000 260 118306971763.057159
20180101180000 260 105765043602.782089
20180101190000 260 98054104193.331436
20180101200000 260 84999804349.428757
20180101210000 260 69131016265.225677
20180101220000 260 56668974799.166580
20180101230000 260 63360564237.890633
20180102000000 260 73060926370.522095
20180102010000 260 75592004161.508759
20180102020000 260 76407493689.072601
20180102030000 260 85716259760.830017
20180102040000 260 100083812649.950653
20180102050000 260 104121365350.993652
20180102060000 260 128098009704.521973
20180102070000 260 170487223236.556244
20180102080000 260 168243367992.944855
20180102090000 260 120997804388.293671
20180102100000 260 87717927376.541153
20180102110000 260 81482410106.250061
20180102120000 260 87754637174.026901
20180102130000 260 107326293184.890289
20180102140000 260 140068189511.672913
20180102150000 260 157558946756.813629
20180102160000 260 142613919089.177063
20180102170000 260 118491942681.565216
20180102180000 260 106869264481.676178
20180102190000 260 99269474851.220764
20180102200000 260 85765781592.820053
20180102210000 260 69619552217.800339
20180102220000 260 56925752981.006027
20180102230000 260 63842048290.702843

20180101000000 270 69584378407.034241
20180101010000 270 72897042802.031815
20180101020000 270 74396823539.076111
20180101030000 270 85344373997.282349
20180101040000 270 99659677524.498886
20180101050000 270 101969298763.001740
20180101060000 270 125019811213.315033
20180101070000 270 166719602173.339539
20180101080000 270 164354211375.806946
20180101090000 270 117603358248.973206
20180101100000 270 84668739563.891800
20180101110000 270 78621236454.809143
20180101120000 270 85389109489.424484
20180101130000 270 105459897376.387756
20180101140000 270 138469637385.174805
20180101150000 270 157821109419.662842
20180101160000 270 143849289916.045410
20180101170000 270 117771590895.833679
20180101180000 270 104496265884.291412
20180101190000 270 95600489936.902679
20180101200000 270 82359488845.918671
20180101210000 270 66584894128.475311
20180101220000 270 54215153292.883301
20180101230000 270 60806200426.303223
20180102000000 270 70766224252.746826
20180102010000 270 73804652378.291306
20180102020000 270 75125167265.046509
20180102030000 270 85731574610.277008
20180102040000 270 99819249704.272034
20180102050000 270 102180360950.235001
20180102060000 270 125088850841.223267
20180102070000 270 166238358497.344666
20180102080000 270 164071802050.664307
20180102090000 270 117959362828.033112
20180102100000 270 84587648364.053909
20180102110000 270 77751324256.773590
20180102120000 270 83752768499.651703
20180102130000 270 103483882688.615616
20180102140000 270 136583412449.347168
20180102150000 270 156762590783.794098
20180102160000 270 143687517341.159790
20180102170000 270 117938685633.917099
20180102180000 270 105404530248.335052
20180102190000 270 96423627057.348343
20180102200000 270 82717170261.969711
20180102210000 270 66740782284.465034
20180102220000 270 54216591611.591919
20180102230000 270 61011172439.523422

20180101000000 280 66091660694.437965
20180101010000 280 69855269329.946655
20180101020000 280 71840529910.896606
20180101030000 280 83481280610.970062
20180101040000 280 97407296210.253815
20180101050000 280 98552664898.546509
20180101060000 280 120232687131.708008
20180101070000 280 159890616882.897339
20180101080000 280 157591658938.120453
20180101090000 280 112884665561.942398
20180101100000 280 80763275227.640900
20180101110000 280 74511791307.244522
20180101120000 280 80961950684.925201
20180101130000 280 100650967500.595963
20180101140000 280 132808174250.608932
20180101150000 280 152997891314.935883
20180101160000 280 140376134341.865173
20180101170000 280 114382252989.618439
20180101180000 280 101094401203.567459
20180101190000 280 91596462564.168472
20180101200000 280 78506283884.109970
20180101210000 280 63142199462.633865
20180101220000 280 51143530874.689293
20180101230000 280 57526880336.205460
20180102000000 280 67493261582.178452
20180102010000 280 70915961196.928452
20180102020000 280 72640678348.877426
20180102030000 280 83860507947.018951
20180102040000 280 97510508859.241104
20180102050000 280 98604951880.446533
20180102060000 280 120024979080.038681
20180102070000 280 158960822386.890045
20180102080000 280 156615296454.208435
20180102090000 280 112490404785.295456
20180102100000 280 80022861569.298172
20180102110000 280 73000366112.019272
20180102120000 280 78623255839.792374
20180102130000 280 97810479855.495499
20180102140000 280 130119596286.611145
20180102150000 280 151415583090.800232
20180102160000 280 139860770406.064362
20180102170000 280 114076933697.246140
20180102180000 280 101454393523.262756
20180102190000 280 91842599696.848404
20180102200000 280 78347916937.427094
20180102210000 280 62906420225.987907
20180102220000 280 50866398493.556480
20180102230000 280 57421575060.250229

20180101000000 290 62024013050.605339
20180101010000 290 66102680617.038368
20180101020000 290 68476869667.833633
20180101030000 290 80467865570.323441
20180101040000 290 93867342858.983749
20180101050000 290 94105535270.212982
20180101060000 290 114207000014.355118
20180101070000 290 151293552381.731323
20180101080000 290 148981191995.503998
20180101090000 290 106849931345.063614
20180101100000 290 76110817556.602600
20180101110000 290 69893778877.522369
20180101120000 290 75970279116.893478
20180101130000 290 94895471891.359009
20180101140000 290 125543013807.318390
20180101150000 290 145627014686.393066
20180101160000 290 134287045008.136703
20180101170000 290 109137989135.004654
20180101180000 290 96273105316.649277
20180101190000 290 86634462838.207870
20180101200000 290 73944015492.155441
20180101210000 290 59210844207.342110
20180101220000 290 47767921976.893883
20180101230000 290 53870269067.790436
20180102000000 290 63645159392.450531
20180102010000 290 67325816878.755333
20180102020000 290 69347900583.295319
20180102030000 290 80804753476.476379
20180102040000 290 93855355282.941879
20180102050000 290 93949104723.628876
20180102060000 290 113673510826.815170
20180102070000 290 149853478997.239868
20180102080000 290 147212879211.735504
20180102090000 290 105596404405.858109
20180102100000 290 74691586097.754196
20180102110000 290 67779041478.322823
20180102120000 290 72972681111.039001
20180102130000 290 91168426250.215118
20180102140000 290 121929066188.547516
20180102150000 290 143263351759.499664
20180102160000 290 133122911800.542175
20180102170000 290 108150642235.961273
20180102180000 290 95931192884.298508
20180102190000 290 86254924895.568451
20180102200000 290 73263705028.723083
20180102210000 290 58594227386.317963
20180102220000 290 47231193343.840515
20180102230000 290 53469172422.900787

20180101000000 300 57721828692.951172
20180101010000 300 61986168249.641090
20180101020000 300 64645433231.070854
20180101030000 300 76697487904.167740
20180101040000 300 89481107482.368271
20180101050000 300 89048827036.897110
20180101060000 300 107503774403.432587
20180101070000 300 141781843834.012970
20180101080000 300 139422720222.705139
20180101090000 300 100126394136.128738
20180101100000 300 71112940308.729263
20180101110000 300 65093716698.807289
20180101120000 300 70771365945.427643
20180101130000 300 88696109874.266418
20180101140000 300 117453197834.108612
20180101150000 300 136789852267.996063
20180101160000 300 126611864517.593613
20180101170000 300 102796511441.627487
20180101180000 300 90632257422.275208
20180101190000 300 81184296943.297897
20180101200000 300 69059890284.805313
20180101210000 300 55094385159.207642
20180101220000 300 44314010840.853004
20180101230000 300 50091130620.214188
20180102000000 300 59532764580.336006
20180102010000 300 63356893504.923767
20180102020000 300 65577092887.098686
20180102030000 300 76972636479.117981
20180102040000 300 89326373819.577560
20180102050000 300 88671704037.333572
20180102060000 300 106648193798.778336
20180102070000 300 139855551712.837860
20180102080000 300 136902311069.689514
20180102090000 300 98052022575.120758
20180102100000 300 69083944008.722580
20180102110000 300 62471135994.022125
20180102120000 300 67224379538.331009
20180102130000 300 84186907156.930038
20180102140000 300 112970603894.192810
20180102150000 300 133604637301.911774
20180102160000 300 124711284810.735809
20180102170000 300 101088943082.684189
20180102180000 300 89577243468.148987
20180102190000 300 80217938069.368149
20180102200000 300 67912209194.549438
20180102210000 300 54146509439.154701
20180102220000 300 43558179269.561737
20180102230000 300 49434695913.614250

20180101000000 310 53420902269.507889
20180101010000 310 57759987386.399971
20180101020000 310 60606943171.225983
20180101030000 310 72493704136.332657
20180101040000 310 84610994854.613052
20180101050000 310 83709181087.944931
20180101060000 310 100544310162.998825
20180101070000 310 131981227664.979843
20180101080000 310 129572485432.579330
20180101090000 310 93175070655.729294
20180101100000 310 66055937023.613800
20180101110000 310 60336141843.743668
20180101120000 310 65611578650.124626
20180101130000 310 82412399785.058319
20180101140000 310 109106690165.560425
20180101150000 310 127310153390.720291
20180101160000 310 118159426929.833984
20180101170000 310 95943696654.131622
20180101180000 310 84630160530.381714
20180101190000 310 75589335235.148422
20180101200000 310 64128899686.454659
20180101210000 310 51001606903.193161
20180101220000 310 40931920096.213081
20180101230000 310 46362467479.081238
20180102000000 310 55378382909.428551
20180102010000 310 59250615209.286224
20180102020000 310 61584270219.635475
20180102030000 310 72699306930.886398
20180102040000 310 84308895414.225281
20180102050000 310 83124112431.909454
20180102060000 310 99401505302.778915
20180102070000 310 129639625087.073227
20180102080000 310 126413385223.765900
20180102090000 310 90397443335.630920
20180102100000 310 63527659250.011459
20180102110000 310 57321653933.092026
20180102120000 310 61648067757.052879
20180102130000 310 77282913910.652313
20180102140000 310 103905419181.737259
20180102150000 310 123393183888.757111
20180102160000 310 115568207512.169052
20180102170000 310 93582585627.905167
20180102180000 310 82935361543.990433
20180102190000 310 74120877997.323593
20180102200000 310 62596334868.110207
20180102210000 310 49787809954.482452
20180102220000 310 40004650854.279350
20180102230000 310 45501103272.232086

20180101000000 320 49272224139.727020
20180101010000 320 53597852068.538506
20180101020000 320 56548696347.064934
20180101030000 320 68104638265.394760
20180101040000 320 79535078781.662903
20180101050000 320 78324780282.918060
20180101060000 320 93624654046.462265
20180101070000 320 122318135837.266464
20180101080000 320 119873853194.802277
20180101090000 320 86310415030.785156
20180101100000 320 61129531344.163170
20180101110000 320 55764254442.100014
20180101120000 320 60648539773.485451
20180101130000 320 76283395648.597458
20180101140000 320 100886660187.845673
20180101150000 320 117763248482.042023
20180101160000 320 109509618568.945816
20180101170000 320 88996186951.561707
20180101180000 320 78590948515.880783
20180101190000 320 70083166295.354279
20180101200000 320 59332538550.204628
20180101210000 320 47065356034.882843
20180101220000 320 37713479064.332504
20180101230000 320 42792892877.576675
20180102000000 320 51330239531.160248
20180102010000 320 55176147146.592308
20180102020000 320 57555432679.276489
20180102030000 320 68240852816.046486
20180102040000 320 79095680490.829697
20180102050000 320 77558224788.574295
20180102060000 320 92244157761.040115
20180102070000 320 119650631970.086548
20180102080000 320 116216961575.944946
20180102090000 320 82977318088.282562
20180102100000 320 58222723727.672371
20180102110000 320 52472024447.575455
20180102120000 320 56398945414.629982
20180102130000 320 70707729123.828461
20180102140000 320 95148850097.979355
20180102150000 320 113264036372.612442
20180102160000 320 106342070113.071732
20180102170000 320 86098654036.438171
20180102180000 320 76368868334.083221
20180102190000 320 68213869417.515694
20180102200000 320 57504044922.102509
20180102210000 320 45652377537.469292
20180102220000 320 36661131239.573776
20180102230000 320 41777131179.064125

20180101000000 330 45363748027.277206
20180101010000 330 49610000500.751595
20180101020000 330 52596930916.151482
20180101030000 330 63709482637.588684
20180101040000 330 74454596162.071335
20180101050000 330 73059318028.609055
20180101060000 330 86939409920.535828
20180101070000 330 113061901369.609741
20180101080000 330 110603445151.871735
20180101090000 330 79731056771.140442
20180101100000 330 56449542835.631836
20180101110000 330 51461091391.249413
20180101120000 330 55974064603.670784
20180101130000 330 70455664241.667068
20180101140000 330 93031589890.761261
20180101150000 330 108519872074.074799
20180101160000 330 101046219495.539612
20180101170000 330 82228543185.009262
20180101180000 330 72727790860.950470
20180101190000 330 64813134303.536552
20180101200000 330 54781026231.837646
20180101210000 330 43362368846.682709
20180101220000 330 34708679647.134277
20180101230000 330 39443949232.431091
20180102000000 330 47479655162.622948
20180102010000 330 51244380147.795403
20180102020000 330 53617670755.165398
20180102030000 330 63781321086.028870
20180102040000 330 73895979847.013351
20180102050000 330 72143500635.807251
20180102060000 330 85374421765.335754
20180102070000 330 110158706465.339462
20180102080000 330 106589088153.983154
20180102090000 330 75990550580.468643
20180102100000 330 53277597121.634018
20180102110000 330 47992218970.659546
20180102120000 330 51553389226.092903
20180102130000 330 64594993314.456841
20180102140000 330 86935236193.596085
20180102150000 330 103601603462.060867
20180102160000 330 97439861396.530045
20180102170000 330 78925643176.457855
20180102180000 330 70100320392.471542
20180102190000 330 62642999037.713028
20180102200000 330 52739901407.311882
20180102210000 330 41810726379.963913
20180102220000 330 33572106943.140728
20180102230000 330 38319301119.307632

20180101000000 340 41739452893.350365
20180101010000 340 45859912959.625664
20180101020000 340 48830722210.264832
20180101030000 340 59430249092.218208
20180101040000 340 69507022224.588730
20180101050000 340 68018062344.524437
20180101060000 340 80606465560.214005
20180101070000 340 104366521691.235992
20180101080000 340 101916539583.068420
20180101090000 340 73550576523.146454
20180101100000 340 52078754644.442986
20180101110000 340 47467658782.447723
20180101120000 340 51633895176.371506
20180101130000 340 65009219913.800217
20180101140000 340 85674852761.189178
20180101150000 340 99797609527.015289
20180101160000 340 93002270189.805649
20180101170000 340 75806938473.538574
20180101180000 340 67169595604.429695
20180101190000 340 59863326837.764519
20180101200000 340 50533593882.250580
20180101210000 340 39930353734.748032
20180101220000 340 31939146231.776035
20180101230000 340 36344679739.867676
20180102000000 340 43876842894.017807
20180102010000 340 47522240988.800110
20180102020000 340 49852047369.151329
20180102030000 340 59445243315.959518
20180102040000 340 68850520324.915222
20180102050000 340 66985848463.339104
20180102060000 340 78907400512.459930
20180102070000 340 101309174553.236115
20180102080000 340 97669985463.700500
20180102090000 340 69535466617.336304
20180102100000 340 48739508011.073906
20180102110000 340 43905925494.644272
20180102120000 340 47136883688.557411
20180102130000 340 59000517014.325478
20180102140000 340 79375840423.822418
20180102150000 340 94611706412.723114
20180102160000 340 89091146108.979736
20180102170000 340 72222797189.981461
20180102180000 340 64251154836.749847
20180102190000 340 57481891326.934013
20180102200000 340 48351840855.517311
20180102210000 340 38291169114.515900
20180102220000 340 30752194912.873203
20180102230000 340 35149550534.895157

20180101000000 350 38414241443.843178
20180101010000 350 42378395629.119415
20180101020000 350 45294648645.892014
20180101030000 350 55344520319.048866
20180101040000 350 64780182349.527039
20180101050000 350 63262795232.251999
20180101060000 350 74688641406.675827
20180101070000 350 96305848033.993973
20180101080000 350 93884992906.282761
20180101090000 350 67823527105.696350
20180101100000 350 48043823662.911301
20180101110000 350 43797024621.502647
20180101120000 350 47643083144.922119
20180101130000 350 59978627748.418159
20180101140000 350 78877750248.180389
20180101150000 350 91706942858.120209
20180101160000 350 85503183899.554840
20180101170000 350 69820249250.815628
20180101180000 350 61985119612.501778
20180101190000 350 55273856575.049271
20180101200000 350 46614843579.207741
20180101210000 350 36781249875.275627
20180101220000 350 29408249415.681889
20180101230000 350 33502799441.337872
20180102000000 350 40543769507.412903
20180102010000 350 44045142718.215614
20180102020000 350 46305563500.882889
20180102030000 350 55311131612.794846
20180102040000 350 64047318679.711166
20180102050000 350 62144746801.880424
20180102060000 350 72899909697.294907
20180102070000 350 93163220001.361328
20180102080000 350 89510771382.144882
20180102090000 350 63645174744.380409
20180102100000 350 44617122998.703148
20180102110000 350 40208638058.439049
20180102120000 350 43144037401.024689
20180102130000 350 53931739269.709747
20180102140000 350 72503480644.303436
20180102150000 350 86381774519.188843
20180102160000 350 81404766077.321060
20180102170000 350 66062234955.406258
20180102180000 350 58874784904.585419
20180102190000 350 52756553356.105537
20180102200000 350 44351504541.465973
20180102210000 350 35095671060.942039
20180102220000 350 28197759811.947182
20180102230000 350 32268177091.149017

20180101000000 360 35384796673.009491
20180101010000 360 39174473744.976357
20180101020000 360 42009170284.559967
20180101030000 360 51497019637.247002
20180101040000 360 60325059601.448578
20180101050000 360 58824293735.824501
20180101060000 360 69210963376.442642
20180101070000 360 88900697690.783722
20180101080000 360 86526160854.455429
20180101090000 360 62565485436.965912
20180101100000 360 44347981653.977951
20180101110000 360 40444612534.177162
20180101120000 360 43997250301.040993
20180101130000 360 55368900977.741882
20180101140000 360 72654655620.761124
20180101150000 360 84287535180.595795
20180101160000 360 78601862664.936798
20180101170000 360 64305145535.607178
20180101180000 360 57202314849.961708
20180101190000 360 51055701026.044426
20180101200000 360 43026993511.210869
20180101210000 360 33910863495.319450
20180101220000 360 27108277145.900093
20180101230000 360 30912757966.247841
20180102000000 360 37483886956.673782
20180102010000 360 40826888265.962646
20180102020000 360 43001108676.924095
20180102030000 360 51423647974.291649
20180102040000 360 59535791764.397766
20180102050000 360 57647237058.352036
20180102060000 360 67369813097.932793
20180102070000 360 85728241816.855621
20180102080000 360 82107431808.509613
20180102090000 360 58312988300.670006
20180102100000 360 40896357017.831291
20180102110000 360 36879916462.752701
20180102120000 360 39552104325.409958
20180102130000 360 49368039275.577301
20180102140000 360 66304107022.989700
20180102150000 360 78925554228.926193
20180102160000 360 74412468527.245300
20180102170000 360 60460814008.652283
20180102180000 360 53981443969.494766
20180102190000 360 48463429979.049919
20180102200000 360 40728638397.359589
20180102210000 360 32210813979.381306
20180102220000 360 25894808988.196583
20180102230000 360 29662804247.845215

20180101000000 370 32637112782.464638
20180101010000 370 36243355582.309158
20180101020000 370 38978589745.413223
20180101030000 370 47909152715.683708
20180101040000 370 56166382960.149384
20180101050000 370 54712089811.342857
20180101060000 370 64173645887.274284
20180101070000 370 82138557293.204453
20180101080000 370 79823684612.157501
20180101090000 370 57767603351.288994
20180101100000 370 40980093447.011559
20180101110000 370 37395391273.424263
20180101120000 370 40680467418.167236
20180101130000 370 51166865844.762527
20180101140000 370 66991035027.478088
20180101150000 370 77534724955.708618
20180101160000 370 72304908823.173111
20180101170000 370 59264803451.309326
20180101180000 370 52822777975.530167
20180101190000 370 47201494114.247887
20180101200000 370 39758587527.414864
20180101210000 370 31305550295.056686
20180101220000 370 25025305897.153770
20180101230000 370 28561307767.579796
20180102000000 370 34689134930.131233
20180102010000 370 37867103837.839722
20180102020000 370 39945193167.347122
20180102030000 370 47803580461.700958
20180102040000 370 55338246431.380783
20180102050000 370 53498642793.486870
20180102060000 370 62310198347.635841
20180102070000 370 78979257558.144196
20180102080000 370 75424134955.045517
20180102090000 370 53509679220.727287
20180102100000 370 37550856242.754936
20180102110000 370 33891326310.724476
20180102120000 370 36329708097.064941
20180102130000 370 45274041961.408180
20180102140000 370 60737881770.207787
20180102150000 370 72213983654.636368
20180102160000 370 68099807973.932419
20180102170000 370 55402511867.503105
20180102180000 370 49555623626.961868
20180102190000 370 44581830508.124290
20180102200000 370 37460797673.875465
20180102210000 370 29615031089.400738
20180102220000 370 23824128109.053963
20180102230000 370 27314322027.000347

20180101000000 380 30151518565.945816
20180101010000 380 33572018338.488976
20180101020000 380 36196883929.432419
20180101030000 380 44586414036.581223
20180101040000 380 52310875225.774757
20180101050000 380 50921760484.823387
20180101060000 380 59561441566.239838
20180101070000 380 75987301105.171631
20180101080000 380 73741791874.171707
20180101090000 380 53406713692.423042
20180101100000 380 37920866335.011299
20180101110000 380 34628717126.835014
20180101120000 380 37670569666.550308
20180101130000 380 47348968900.608421
20180101140000 380 61855805597.792091
20180101150000 380 71417881684.651230
20180101160000 380 66591089794.847527
20180101170000 380 54682134436.927025
20180101180000 380 48832020260.795029
20180101190000 380 43693052332.541092
20180101200000 380 36790451498.655228
20180101210000 380 28946677358.950970
20180101220000 380 23142390536.475147
20180101230000 380 26431212075.805458
20180102000000 380 32144789925.116650
20180102010000 380 35156589203.123192
20180102020000 380 37133681531.712540
20180102030000 380 44455540940.337830
20180102040000 380 51458702200.513763
20180102050000 380 49690417326.594574
20180102060000 380 57699336835.167747
20180102070000 380 72873358133.623337
20180102080000 380 69408538147.887039
20180102090000 380 49194674881.737511
20180102100000 380 34548660972.112541
20180102110000 380 31211372755.146805
20180102120000 380 33442239724.280304
20180102130000 380 41607963611.540581
20180102140000 380 55752619136.458252
20180102150000 380 66195425880.398735
20180102160000 380 62426825724.042030
20180102170000 380 50853343632.672447
20180102180000 380 45567731265.146706
20180102190000 380 41082126549.505089
20180102200000 380 34519625541.390556
20180102210000 380 27283191447.433266
20180102220000 380 21964490085.018047
20180102230000 380 25200672900.405758

20180101000000 390 27905910099.001274
20180101010000 390 31142994297.746006
20180101020000 390 33651827373.667538
20180101030000 390 41523895052.273735
20180101040000 390 48753412868.115425
20180101050000 390 47440186918.378365
20180101060000 390 55350149422.932922
20180101070000 390 70404410800.408600
20180101080000 390 68234784770.812653
20180101090000 390 49452101189.780640
20180101100000 390 35146963255.055489
20180101110000 390 32121487440.352184
20180101120000 390 34942624037.460266
20180101130000 390 43886459623.150581
20180101140000 390 57209503864.501572
20180101150000 390 65892611344.051399
20180101160000 390 61423792459.376633
20180101170000 390 50528763614.903793
20180101180000 390 45206491615.420822
20180101190000 390 40506444742.913887
20180101200000 390 34099629803.232880
20180101210000 390 26813499529.407433
20180101220000 390 21441578362.179703
20180101230000 390 24503629873.009785
20180102000000 390 29832713979.769402
20180102010000 390 32681041867.851936
20180102020000 390 34555895487.906738
20180102030000 390 41373655544.278450
20180102040000 390 47889387936.760117
20180102050000 390 46205691304.129448
20180102060000 390 53507442512.809303
20180102070000 390 67359114880.621414
20180102080000 390 64001445862.615242
20180102090000 390 45323032643.808548
20180102100000 390 31856265780.702866
20180102110000 390 28808429312.662704
20180102120000 390 30855045061.906784
20180102130000 390 38326619405.885460
20180102140000 390 51291992010.429794
20180102150000 390 60808357880.589500
20180102160000 390 57341278513.804573
20180102170000 390 46770886795.826035
20180102180000 390 41981571894.871109
20180102190000 390 37930956484.735855
20180102200000 390 31874757875.302029
20180102210000 390 25189385105.897694
20180102220000 390 20294572785.855923
20180102230000 390 23299167936.723797

20180101000000 400 25877752066.225533
20180101010000 400 28936855957.316013
20180101020000 400 31327820723.347054
20180101030000 400 38710247248.864273
20180101040000 400 45481478980.759651
20180101050000 400 44249239431.205429
20180101060000 400 51511010078.624741
20180101070000 400 65342968478.135246
20180101080000 400 63253117992.617485
20180101090000 400 45869887324.345032
20180101100000 400 32633635520.534088
20180101110000 400 29850120716.288914
20180101120000 400 32471110859.335262
20180101130000 400 40748715444.443558
20180101140000 400 53009496256.459488
20180101150000 400 60908576800.212257
20180101160000 400 56759115482.985863
20180101170000 400 46770910380.189072
20180101180000 400 41918225143.147614
20180101190000 400 37615297965.018028
20180101200000 400 31661898551.905327
20180101210000 400 24884943879.994846
20180101220000 400 19905127129.249271
20180101230000 400 22759591478.761826
20180102000000 400 27733461339.855042
20180102010000 400 30423572834.840031
20180102020000 400 32197463454.994770
20180102030000 400 38545633625.917374
20180102040000 400 44615371477.458626
20180102050000 400 43023078224.352699
20180102060000 400 49701112536.863800
20180102070000 400 62382477108.585854
20180102080000 400 59142649454.960083
20180102090000 400 41849592437.644287
20180102100000 400 29440970416.802338
20180102110000 400 26652372646.856895
20180102120000 400 28535191442.582108
20180102130000 400 35388265686.911629
20180102140000 400 47300300100.666534
20180102150000 400 55988981538.002266
20180102160000 400 52786748780.805557
20180102170000 400 43110113665.908592
20180102180000 400 38758959940.946953
20180102190000 400 35094395759.096382
20180102200000 400 29496142788.123447
20180102210000 400 23308528059.536488
20180102220000 400 18794038476.225315
20180102230000 400 21587832685.904259

20180101000000 410 24045256699.492851
20180101010000 410 26933791011.648258
20180101020000 410 29207774960.906513
20180101030000 410 36130454366.830368
20180101040000 410 42478294497.348251
20180101050000 410 41328290406.497017
20180101060000 410 48013584185.962563
20180101070000 410 60755411398.860359
20180101080000 410 58747141002.986923
20180101090000 410 42625765453.625320
20180101100000 410 30356341361.393646
20180101110000 410 27791743408.756443
20180101120000 410 30231234805.661022
20180101130000 410 37905291876.946106
20180101140000 410 49213170617.460503
20180101150000 410 56414314062.104530
20180101160000 410 52550933003.862938
20180101170000 410 43373103547.862343
20180101180000 410 38937804645.617836
20180101190000 410 34992873798.151550
20180101200000 410 29453305701.248283
20180101210000 410 23140663169.323318
20180101220000 410 18516198370.400864
20180101230000 410 21180865721.955940
20180102000000 410 25827594182.754292
20180102010000 410 28366354821.392838
20180102020000 410 30042244687.474800
20180102030000 410 35955595442.568298
20180102040000 410 41617766480.881676
20180102050000 410 40119209881.310387
20180102060000 410 46246144794.227341
20180102070000 410 57890307300.456520
20180102080000 410 54774268148.744370
20180102090000 410 38731303467.346825
20180102100000 410 27272141584.773758
20180102110000 410 24715406056.417751
20180102120000 410 26452347377.809162
20180102130000 410 32754080268.848259
20180102140000 410 43725051913.281876
20180102150000 410 51675542903.871017
20180102160000 410 48707380214.440666
20180102170000 410 39826790357.032761
20180102180000 410 35862427977.648567
20180102190000 410 32539787217.645947
20180102200000 410 27355332338.811245
20180102210000 410 21617215062.253906
20180102220000 410 17444084159.905136
20180102230000 410 20046130075.291019

20180101000000 420 22388027262.147923
20180101010000 420 25114556927.552860
20180101020000 420 27274326495.209732
20180101030000 420 33767720386.850063
20180101040000 420 39724963136.073563
20180101050000 420 38655879417.417480
20180101060000 420 44827570752.201302
20180101070000 420 56595774710.281120
20180101080000 420 54669282451.351913
20180101090000 420 39686625566.085503
20180101100000 420 28291686921.280895
20180101110000 420 25924853074.309284
20180101120000 420 28199660546.855469
20180101130000 420 35327119436.928391
20180101140000 420 45779786500.910027
20180101150000 420 52360052163.213875
20180101160000 420 48753923005.229919
20180101170000 420 40300429000.006012
20180101180000 420 36236184519.981590
20180101190000 420 32613315294.849503
20180101200000 420 27451062255.369045
20180101210000 420 21561611885.877106
20180101220000 420 17259213380.884739
20180101230000 420 19750429821.220196
20180102000000 420 24096463831.571766
20180102010000 420 26491663855.039925
20180102020000 420 28073589861.284943
20180102030000 420 33585984083.178738
20180102040000 420 38875893271.192055
20180102050000 420 37470371636.511490
20180102060000 420 43109248569.637459
20180102070000 420 53832368239.510246
20180102080000 420 50842500093.872375
20180102090000 420 35928402969.609749
20180102100000 420 25321800523.730537
20180102110000 420 22972389542.636463
20180102120000 420 24579125512.147484
20180102130000 420 30388811626.624660
20180102140000 420 40518197870.555779
20180102150000 420 47810583066.777306
20180102160000 420 45050458904.926331
20180102170000 420 36879320625.857994
20180102180000 420 33256710034.307762
20180102190000 420 30236712419.323345
20180102200000 420 25426125791.096172
20180102210000 420 20094106581.694977
20180102220000 420 16227667674.214741
20180102230000 420 18655294128.265057

20180101000000 430 20887361688.453541
20180101010000 430 23461022139.643471
20180101020000 430 25510588882.181683
20180101030000 430 31604718790.034096
20180101040000 430 37201900261.366493
20180101050000 430 36210779076.946953
20180101060000 430 41923900954.521790
20180101070000 430 52820936509.690529
20180101080000 430 50975220703.576981
20180101090000 430 37021449344.818199
20180101100000 430 26417925102.176022
20180101110000 430 24229644029.300137
20180101120000 430 26354877058.125824
20180101130000 430 32987142773.600452
20180101140000 430 42671456202.031807
20180101150000 430 48699240871.448227
20180101160000 430 45325264372.890549
20180101170000 430 37519808151.896942
20180101180000 430 33785743453.834011
20180101190000 430 30452342343.999214
20180101200000 430 25634010797.963295
20180101210000 430 20130318237.407227
20180101220000 430 16119998120.980431
20180101230000 430 18452686245.730461
20180102000000 430 22522638789.807938
20180102010000 430 24782505971.804634
20180102020000 430 26275136809.519150
20180102030000 430 31418820041.020828
20180102040000 430 36368691040.532852
20180102050000 430 35053514123.175743
20180102060000 430 40259017593.082497
20180102070000 430 50162321142.605461
20180102080000 430 47298390145.715981
20180102090000 430 33404894581.004539
20180102100000 430 23564806682.374641
20180102110000 430 21400880879.943745
20180102120000 430 22891113121.412418
20180102130000 430 28260938608.393501
20180102140000 430 37636558082.843155
20180102150000 430 44341928370.741112
20180102160000 430 41767659187.076660
20180102170000 430 34229624127.841694
20180102180000 430 30909457383.328590
20180102190000 430 28157427164.361538
20180102200000 430 23684815702.347073
20180102210000 430 18720036610.743938
20180102220000 430 15129542149.714376
20180102230000 430 17398428189.476974

20180101000000 440 19526346844.218361
20180101010000 440 21956438007.296921
20180101020000 440 23900590215.923981
20180101030000 440 29624390490.498734
20180101040000 440 34889753055.765915
20180101050000 440 33972645577.578072
20180101060000 440 39275347030.110603
20180101070000 440 49391220115.281029
20180101080000 440 47624411048.841782
20180101090000 440 34601737216.227905
20180101100000 440 24715173022.090130
20180101110000 440 22688121371.233612
20180101120000 440 24677328670.086712
20180101130000 440 30860604084.994534
20180101140000 440 39853576836.900787
20180101150000 440 45389263749.491035
20180101160000 440 42225485182.036240
20180101170000 440 35000651824.116364
20180101180000 440 31560838328.604397
20180101190000 440 28487591262.985146
20180101200000 440 23982825616.944145
20180101210000 440 18830968089.581036
20180101220000 440 15085800448.244558
20180101230000 440 17273523160.472786
20180102000000 440 21090104840.544167
20180102010000 440 23222965964.050350
20180102020000 440 24631287138.987080
20180102030000 440 29436494221.195641
20180102040000 440 34075605782.476593
20180102050000 440 32846841753.221245
20180102060000 440 37666422618.541161
20180102070000 440 46838109437.736252
20180102080000 440 44098009849.499184
20180102090000 440 31128614919.131672
20180102100000 440 21978809798.201061
20180102110000 440 19981016460.725189
20180102120000 440 21366730838.627804
20180102130000 440 26342555770.100071
20180102140000 440 35041789382.609970
20180102150000 440 41222939177.922493
20180102160000 440 38815488034.112534
20180102170000 440 31843434075.187870
20180102180000 440 28791488215.790977
20180102190000 440 26276973550.873547
20180102200000 440 22110199738.384621
20180102210000 440 17477960618.847782
20180102220000 440 14136182978.086546
20180102230000 440 16260466666.445946

20180101000000 450 18289828831.003922
20180101010000 450 20585539907.571098
20180101020000 450 22429501653.333408
20180101030000 450 27810428944.541370
20180101040000 450 32769966122.700058
20180101050000 450 31922386809.477398
20180101060000 450 36856813665.138016
20180101070000 450 46270593503.086548
20180101080000 450 44580217004.973747
20180101090000 450 32401643626.727245
20180101100000 450 23165455837.367126
20180101110000 450 21284086976.583252
20180101120000 450 23149404696.102985
20180101130000 450 28925106465.801109
20180101140000 450 37294926503.228012
20180101150000 450 42391653117.555595
20180101160000 450 39418784970.121605
20180101170000 450 32715122251.446613
20180101180000 450 29538040228.629047
20180101190000 450 26698730346.333782
20180101200000 450 22480047658.524944
20180101210000 450 17649377092.294384
20180101220000 450 14145233816.740789
20180101230000 450 16200282014.889101
20180102000000 450 19784322119.914608
20180102010000 450 21798373958.266350
20180102020000 450 23127468043.422737
20180102030000 450 27622243120.114723
20180102040000 450 31977118158.847771
20180102050000 450 30830119867.078392
20180102060000 450 35304999018.643448
20180102070000 450 43821974329.668915
20180102080000 450 41202302303.358116
20180102090000 450 29071070710.956280
20180102100000 450 20544078008.319302
20180102110000 450 18695311340.478886
20180102120000 450 19987005974.715828
20180102130000 450 24609116907.905083
20180102140000 450 32700105511.364666
20180102150000 450 38412343557.715919
20180102160000 450 36155267979.353828
20180102170000 450 29690260177.467968
20180102180000 450 26876765424.997215
20180102190000 450 24573105319.229015
20180102200000 450 20683461784.001358
20180102210000 450 16352818340.636030
20180102220000 450 13235659600.029156
20180102230000 450 15228062861.206961

20180101000000 460 17164314280.950020
20180101010000 460 19334543483.695683
20180101020000 460 21083730359.110027
20180101030000 460 26147552452.260742
20180101040000 460 30825104414.059330
20180101050000 460 30042342273.747471
20180101060000 460 34645426890.743515
20180101070000 460 43426625398.550301
20180101080000 460 41809808049.180542
20180101090000 460 30397937200.043354
20180101100000 460 21752647947.240635
20180101110000 460 20003052107.308067
20180101120000 460 21755347705.793560
20180101130000 460 27160546722.541126
20180101140000 460 34967563718.635384
20180101150000 460 39672012791.447281
20180101160000 460 36873042637.585342
20180101170000 460 30638157440.349014
20180101180000 460 27696174484.042263
20180101190000 460 25067439379.038208
20180101200000 460 21110022251.102886
20180101210000 460 16572900234.210234
20180101220000 460 13288181944.304178
20180101230000 460 15221673380.074873
20180102000000 460 18592195799.821991
20180102010000 460 20495355684.692055
20180102020000 460 21750252605.488789
20180102030000 460 25960409316.028740
20180102040000 460 30055028817.813393
20180102050000 460 28984799144.880577
20180102060000 460 33150847126.464817
20180102070000 460 41080260988.661491
20180102080000 460 38576750169.380081
20180102090000 460 27207159293.719582
20180102100000 460 19243267738.776657
20180102110000 460 17528426267.598618
20180102120000 460 18735312110.174465
20180102130000 460 23039116555.182121
20180102140000 460 30581880240.128654
20180102150000 460 35873856722.642746
20180102160000 460 33752870586.190907
20180102170000 460 27743170731.861618
20180102180000 460 25142225223.455002
20180102190000 460 23026112910.264244
20180102200000 460 19387986882.976284
20180102210000 460 15331357150.935612
20180102220000 460 12417483869.129736
20180102230000 460 14289441608.322803

20180101000000 470 16137837305.851915
20180101010000 470 18191079659.021439
20180101020000 470 19850927022.419849
20180101030000 470 24621634594.509743
20180101040000 470 29039013279.921032
20180101050000 470 28316340575.555210
20180101060000 470 32620498302.378464
20180101070000 470 40830302297.259270
20180101080000 470 39283928438.774094
20180101090000 470 28569861701.439064
20180101100000 470 20462357602.242790
20180101110000 470 18832111691.468037
20180101120000 470 20481119047.034523
20180101130000 470 25548975770.866341
20180101140000 470 32846619490.808514
20180101150000 470 37199780056.627762
20180101160000 470 34559646260.860008
20180101170000 470 28747358299.837055
20180101180000 470 26016245133.526905
20180101190000 470 23577310872.437214
20180101200000 470 19858783555.236881
20180101210000 470 15590310027.993778
20180101220000 470 12505685969.557571
20180101230000 470 14327667115.120222
20180102000000 470 17501997555.848621
20180102010000 470 19301811053.979534
20180102020000 470 20487389294.383179
20180102030000 470 24436559979.470741
20180102040000 470 28292583820.262615
20180102050000 470 27294024808.277657
20180102060000 470 31182523060.381580
20180102070000 470 38583115946.187828
20180102080000 470 36190963763.508888
20180102090000 470 25514840616.513615
20180102100000 470 18061174423.157852
20180102110000 470 16466929491.209726
20180102120000 470 17597104807.272930
20180102130000 470 21613755944.413635
20180102140000 470 28661209984.206474
20180102150000 470 33575706814.123798
20180102160000 470 31578329791.637936
20180102170000 470 25978488063.194141
20180102180000 470 23567532537.174580
20180102190000 470 21618601696.084236
20180102200000 470 18209149255.902168
20180102210000 470 14401943259.817095
20180102220000 470 11672453664.084114
20180102230000 470 13434240040.453064

20180101000000 480 15199813446.328838
20180101010000 480 17144096742.812838
20180101020000 480 18719941774.464508
20180101030000 480 23219742386.631302
20180101040000 480 27396871716.960575
20180101050000 480 26729679806.892029
20180101060000 480 30763416478.310371
20180101070000 480 38455773382.582031
20180101080000 480 36976603300.654800
20180101090000 480 26898946329.640099
20180101100000 480 19281784169.320210
20180101110000 480 17759802303.575127
20180101120000 480 19314245900.037903
20180101130000 480 24074423623.633099
20180101140000 480 30910038236.710018
20180101150000 480 34947909146.286781
20180101160000 480 32453230922.556000
20180101170000 480 27022802778.862415
20180101180000 480 24481295917.462364
20180101190000 480 22213710270.368370
20180101200000 480 18713913626.680290
20180101210000 480 14691662636.110737
20180101220000 480 11789827150.765612
20180101230000 480 13509373018.768641
20180102000000 480 16503261794.331139
20180102010000 480 18206850821.094902
20180102020000 480 19327775252.375931
20180102030000 480 23037513906.800377
20180102040000 480 26674497465.455177
20180102050000 480 25742576196.654701
20180102060000 480 29380870503.165829
20180102070000 480 36304137979.324875
20180102080000 480 34018246877.315758
20180102090000 480 23974800547.673702
20180102100000 480 16984486329.435377
20180102110000 480 15499068697.019520
20180102120000 480 16559669766.236275
20180102130000 480 20316619293.341080
20180102140000 480 26915479307.030025
20180102150000 480 31490137202.161961
20180102160000 480 29605411886.538303
20180102170000 480 24375453435.833115
20180102180000 480 22134808978.788166
20180102190000 480 20335255553.232773
20180102200000 480 17134096492.052052
20180102210000 480 13554376285.522491
20180102220000 480 10992502212.818424
20180102230000 480 12653350002.925631

20180101000000 490 14340893332.318487
20180101010000 490 16183747661.761702
20180101020000 490 17680750986.234173
20180101030000 490 21930116340.815819
20180101040000 490 25885177707.207355
20180101050000 490 25269061609.202759
20180101060000 490 29057499620.627182
20180101070000 490 36280065420.603813
20180101080000 490 34864822809.883682
20180101090000 490 25368795651.766602
20180101100000 490 18199566194.279335
20180101110000 490 16775957283.120819
20180101120000 490 18243664709.299568
20180101130000 490 22722711974.075283
20180101140000 490 29138302020.042236
20180101150000 490 32892526421.973274
20180101160000 490 30531377734.864819
20180101170000 490 25446827235.105747
20180101180000 490 23076240932.088566
20180101190000 490 20963618641.702759
20180101200000 490 17664393343.813190
20180101210000 490 13868163502.545397
20180101220000 490 11133612701.731733
20180101230000 490 12758921646.289881
20180102000000 490 15586671763.100925
20180102010000 490 17200710894.757805
20180102020000 490 18261396639.993595
20180102030000 490 21751311683.242928
20180102040000 490 25186911689.873154
20180102050000 490 24316767030.920189
20180102060000 490 27728825556.738674
20180102070000 490 34220019904.672470
20180102080000 490 32035173183.298641
20180102090000 490 22570127607.358559
20180102100000 490 16001553399.714397
20180102110000 490 14614560807.361691
20180102120000 490 15611891513.930445
20180102130000 490 19133373681.630798
20180102140000 490 25324952367.480522
20180102150000 490 29592924228.480835
20180102160000 490 27811185982.725769
20180102170000 490 22915893610.480808
20180102180000 490 20828360049.710201
20180102190000 490 19162604384.946629
20180102200000 490 16151542838.593464
20180102210000 490 12779715512.963709
20180102220000 490 10370558525.264189
20180102230000 490 11938769491.376326

20180101000000 500 13552823241.777731
20180101010000 500 15301273498.313190
20180101020000 500 16724369625.585398
20180101030000 500 20742115704.083015
20180101040000 500 24491692273.150333
20180101050000 500 23922499534.331375
20180101060000 500 27487831294.106766
20180101070000 500 34282793304.340649
20180101080000 500 32928228772.351200
20180101090000 500 23964877546.204689
20180101100000 500 17205631125.104454
20180101110000 500 15871566843.253794
20180101120000 500 17259569693.566074
20180101130000 500 21481268195.255333
20180101140000 500 27514158479.521187
20180101150000 500 31012586819.437832
20180101160000 500 28774305903.856564
20180101170000 500 24003799532.625904
20180101180000 500 21787685488.198605
20180101190000 500 19815472287.836533
20180101200000 500 16700455494.804708
20180101210000 500 13112039077.658312
20180101220000 500 10530868893.974577
20180101230000 500 12069350799.579586
20180102000000 500 14743944805.247248
20180102010000 500 16274656885.961025
20180102020000 500 17279251447.483246
20180102030000 500 20567152364.762772
20180102040000 500 23817318455.055031
20180102050000 500 23004326175.653618
20180102060000 500 26211214585.430790
20180102070000 500 32310202776.022434
20180102080000 500 30221190655.619267
20180102090000 500 21286014385.204144
20180102100000 500 15102176711.097616
20180102110000 500 13804402825.754688
20180102120000 500 14744045815.396076
20180102130000 500 18051498263.873146
20180102140000 500 23872401130.002621
20180102150000 500 27862930306.640976
20180102160000 500 26175618527.867851
20180102170000 500 21583906385.829250
20180102180000 500 19634416229.805141
20180102190000 500 18088805684.422909
20180102200000 500 15251578207.439814
20180102210000 500 12070121728.139185
20180102220000 500 9800421268.903128
20180102230000 500 11283466698.173588
